100
4 2
5 2
6 2
1000 1000
1000 1
500000 131071
2 2
500000 249999
500000 128
1 1
824679 732157
500000 131072
999999 262144
584776 486793
913171 759466
1000000 999999
362608 319781
487354 479416
500000 260547
500000 127
999999 509188
817599 757687
500000 1
500000 262143
500000 499999
1000000 524288
500000 249998
1000000 1000000
252573 223615
898277 834911
1000000 499998
500000 2
4 1
986130 818664
1000000 262144
414653 351248
500000 237856
920858 772985
999999 499999
500000 250000
2 1
1000000 1
999999 999998
1000000 343304
330892 267147
613926 576708
999999 475712
850677 709423
814467 753762
884177 750658
1000000 127
437687 378340
1000000 517236
999999 499998
1000000 475713
373720 285453
415753 374629
823404 783125
1000000 128
389501 358912
1000000 524287
433673 385209
1000000 499999
888611 728596
999999 127
781846 749231
999999 499997
981037 977354
999999 128
784246 603077
581919 516935
500000 237857
3 1
828655 721338
999999 262143
879374 677474
1000000 262143
500000 151235
846010 842823
1000000 500000
835111 685695
999999 524288
500000 262144
5 1
500000 500000
292958 224836
343744 272267
999999 524287
1000000 2
1000000 475712
999999 999999
999999 1
999999 475711
571473 447812
448347 369558
999999 296165
3 2
263926 262041
260284 238735
999999 2
